5 4 1,30 1,2 2,1 5,4 1,3 5,4 14,5 114,1 14,1 41,12
5 4 1,30 1,2 2,1 5,4 1,3 5,4 14,5 114,1 14,1 41,12
5 4 1,30 1,2 2,1 5,4 1,3 5,4 14,5 114,1 14,1 41,12
5 4 1,30 1,2 2,1 5,4 1,3 5,4 14,5 114,1 14,1 41,12
5 4 1,30 1,2 2,1 5,4 1,3 5,4 14,5 114,1 14,1 41,12
5 4 1,30 1,2 2,1 5,4 1,3 5,4 14,5 114,1 14,1 41,12
5 4 1,30 1,2 2,1 5,4 1,3 5,4 14,5 114,1 14,1 41,12
5 4 1,30 1,2 2,1 5,4 1,3 5,4 14,5 114,1 14,1 41,12
5 4 1,30 1,2 2,1 5,4 1,3 5,4 14,5 114,1 14,1 41,12
5 4 1,30 1,2 2,1 5,4 1,3 5,4 14,5 114,1 14,1 41,12
5 4 1,30 1,2 2,1 5,4 1,3 5,4 14,5 114,1 14,1 41,12
5 4 1,30 1,2 2,1 5,4 1,3 5,4 14,5 114,1 14,1 41,12
5 4 1,30 1,2 2,1 5,4 1,3 5,4 14,5 114,1 14,1 41,12
5 4 1,30 1,2 2,1 5,4 1,3 5,4 14,5 114,1 14,1 41,12
5 4 1,30 1,2 2,1 5,4 1,3 5,4 14,5 114,1 14,1 41,12
5 4 1,30 1,2 2,1 5,4 1,3 5,4 14,5 114,1 14,1 41,12
5 4 1,30 1,2 2,1 5,4 1,3 5,4 14,5 114,1 14,1 41,12
5 4 1,30 1,2 2,1 5,4 1,3 5,4 14,5 114,1 14,1 41,12
5 4 1,30 1,2 2,1 5,4 1,3 5,4 14,5 114,1 14,1 41,12
5 4 1,30 1,2 2,1 5,4 1,3 5,4 14,5 114,1 14,1 41,12
5 4 1,30 1,2 2,1 5,4 1,3 5,4 14,5 114,1 14,1 41,12
5 4 1,30 1,2 2,1 5,4 1,3 5,4 14,5 114,1 14,1 41,12
5 4 1,30 1,2 2,1 5,4 1,3 5,4 14,5 114,1 14,1 41,12
5 4 1,30 1,2 2,1 5,4 1,3 5,4 14,5 114,1 14,1 41,12
5 4 1,30 1,2 2,1 5,4 1,3 5,4 14,5 114,1 14,1 41,12
5 4 1,30 1,2 2,1 5,4 1,3 5,4 14,5 114,1 14,1 41,12
5 4 1,30 1,2 2,1 5,4 1,3 5,4 14,5 114,1 14,1 41,12
5 4 1,30 1,2 2,1 5,4 1,3 5,4 14,5 114,1 14,1 41,12
5 4 1,30 1,2 2,1 5,4 1,3 5,4 14,5 114,1 14,1 41,12
5 4 1,30 1,2 2,1 5,4 1,3 5,4 14,5 114,1 14,1 41,12
5 4 1,30 1,2 2,1 5,4 1,3 5,4 14,5 114,1 14,1 41,12
5 4 1,30 1,2 2,1 5,4 1,3 5,4 14,5 114,1 14,1 41,12
5 4 1,30 1,2 2,1 5,4 1,3 5,4 14,5 114,1 14,1 41,12
5 4 1,30 1,2 2,1 5,4 1,3 5,4 14,5 114,1 14,1 41,12
5 4 1,30 1,2 2,1 5,4 1,3 5,4 14,5 114,1 14,1 41,12
5 4 1,30 1,2 2,1 5,4 1,3 5,4 14,5 114,1 14,1 41,12
